100 1097
100 1134
100 1127
100 1147
100 1133
100 1145
100 1151
100 1137
100 1137
100 1116
100 1160
100 1136
100 1082
100 1129
100 1099
200 2709
200 2736
200 2681
200 2803
200 2760
200 2802
200 2770
200 2760
200 2703
200 2749
200 2762
200 2728
200 2667
200 2735
200 2801
300 4516
300 4525
300 4431
300 4503
300 4528
300 4498
300 4494
300 4456
300 4533
300 4588
300 4470
300 4532
300 4282
300 4568
300 4490
400 6573
400 6427
400 6334
400 6406
400 6284
400 6330
400 6429
400 6382
400 6341
400 6360
400 6547
400 6243
400 6440
400 6397
400 6487
500 8373
500 8561
500 8285
500 8468
500 8232
500 8419
500 8534
500 8402
500 8415
500 8448
500 8485
500 8401
500 8452
500 8452
500 8378
600 10426
600 10411
600 10474
600 10495
600 10429
600 10290
600 10391
600 10553
600 10387
600 10425
600 10445
600 10439
600 10575
600 10348
600 10395
700 12532
700 12540
700 12514
700 12756
700 12553
700 12554
700 12590
700 12603
700 12575
700 12700
700 12532
700 12568
700 12613
700 12514
700 12556
800 14667
800 14792
800 14760
800 14665
800 14918
800 14893
800 14787
800 14660
800 14645
800 14723
800 14820
800 14821
800 15022
800 14725
800 14615
900 16924
900 17033
900 16988
900 16715
900 16765
900 16785
900 16935
900 17147
900 16867
900 16730
900 16985
900 16947
900 17043
900 16987
900 17048
1000 19189
1000 19291
1000 19236
1000 19007
1000 19193
1000 19305
1000 19144
1000 18823
1000 19273
1000 19434
1000 19000
1000 19105
1000 18964
1000 19454
1000 19052
1100 21202
1100 21266
1100 21309
1100 21505
1100 21514
1100 21293
1100 21580
1100 21045
1100 21520
1100 21469
1100 21379
1100 21500
1100 21538
1100 21197
1100 21267
1200 23464
1200 23736
1200 23847
1200 23927
1200 23945
1200 23477
1200 23706
1200 23533
1200 23838
1200 23726
1200 23851
1200 23749
1200 23615
1200 23771
1200 23955
1300 25661
1300 26156
1300 26110
1300 26042
1300 26023
1300 26066
1300 26179
1300 25874
1300 26239
1300 26233
1300 26065
1300 25922
1300 26088
1300 25794
1300 25970
1400 28281
1400 28669
1400 28535
1400 28271
1400 28476
1400 28192
1400 28413
1400 28685
1400 28381
1400 28669
1400 28537
1400 28507
1400 28482
1400 28301
1400 28697
1500 30918
1500 30783
1500 30748
1500 30853
1500 30971
1500 31106
1500 30755
1500 30888
1500 30738
1500 30958
1500 31041
1500 30796
1500 30736
1500 30757
1500 31100
1600 33329
1600 33236
1600 33455
1600 32998
1600 33237
1600 33187
1600 33332
1600 33685
1600 32850
1600 33010
1600 33260
1600 33319
1600 33365
1600 33157
1600 33114
1700 35847
1700 35486
1700 35304
1700 35633
1700 35567
1700 35683
1700 35552
1700 35782
1700 35809
1700 35556
1700 35822
1700 35379
1700 35566
1700 35939
1700 35291
1800 38371
1800 38187
1800 38392
1800 38328
1800 38095
1800 38279
1800 38430
1800 38189
1800 38114
1800 38024
1800 38099
1800 38003
1800 37984
1800 38005
1800 38105
1900 40463
1900 40445
1900 40547
1900 40276
1900 40164
1900 40156
1900 40455
1900 40411
1900 40586
1900 40210
1900 40635
1900 40253
1900 40645
1900 40781
1900 40523
2000 42831
2000 43428
2000 42798
2000 43287
2000 43113
2000 43295
2000 42951
2000 43452
2000 43136
2000 43188
2000 43058
2000 42535
2000 42953
2000 43293
2000 43246
2100 45756
2100 45481
2100 45908
2100 45736
2100 45478
2100 45178
2100 45312
2100 45609
2100 45535
2100 45848
2100 45697
2100 45090
2100 45468
2100 45406
2100 45669
2200 47927
2200 48212
2200 47910
2200 47956
2200 47862
2200 47669
2200 48117
2200 48034
2200 48361
2200 47849
2200 47876
2200 48324
2200 47817
2200 47929
2200 47924
2300 50608
2300 50250
2300 50547
2300 50583
2300 50491
2300 50294
2300 50937
2300 50531
2300 50653
2300 50791
2300 50821
2300 50618
2300 50464
2300 50995
2300 50438
2400 53346
2400 53125
2400 53143
2400 52892
2400 53483
2400 53171
2400 53240
2400 53216
2400 53344
2400 53058
2400 52967
2400 53527
2400 53005
2400 53447
2400 52781
2500 55907
2500 56300
2500 55789
2500 55864
2500 55312
2500 55716
2500 55575
2500 55216
2500 56135
2500 55940
2500 55520
2500 55521
2500 55502
2500 55247
2500 56043
2600 58253
2600 58684
2600 58438
2600 58789
2600 58539
2600 58490
2600 58603
2600 58335
2600 58521
2600 58031
2600 58113
2600 58259
2600 58103
2600 58120
2600 58349
2700 61423
2700 60833
2700 60325
2700 61206
2700 60804
2700 60802
2700 60934
2700 60949
2700 60611
2700 60796
2700 61088
2700 60751
2700 60952
2700 60988
2700 61229
2800 63549
2800 63104
2800 63472
2800 63404
2800 63658
2800 63485
2800 63500
2800 63375
2800 63198
2800 63626
2800 63725
2800 63710
2800 63496
2800 63714
2800 63308
2900 66146
2900 66061
2900 66211
2900 65933
2900 66346
2900 66543
2900 66290
2900 66154
2900 66187
2900 66033
2900 66079
2900 66271
2900 66714
2900 66106
2900 65918
3000 69263
3000 69209
3000 68285
3000 68815
3000 68872
3000 69103
3000 69108
3000 68801
3000 68800
3000 68788
3000 68662
3000 68326
3000 68091
3000 69119
3000 68879
100 1093
100 1179
100 1145
200 2718
200 2687
200 2755
300 4608
300 4535
300 4467
400 6322
400 6403
400 6399
500 8362
500 8487
500 8305
600 10516
600 10510
600 10450
700 12571
700 12670
700 12612
800 14697
800 14701
800 14656
900 16878
900 16840
900 16714
1000 19189
1000 19304
1000 18936
1100 21612
1100 21597
1100 21445
1200 23474
1200 23640
1200 23666
1300 25978
1300 25866
1300 25964
1400 28453
1400 28783
1400 28434
1500 30642
1500 30871
1500 30681
1600 33193
1600 33502
1600 33070
1700 35958
1700 35470
1700 35444
1800 37878
1800 38178
1800 38237
1900 40471
1900 40754
1900 40709
2000 43190
2000 43005
2000 42974
2100 45118
2100 45873
2100 45659
2200 48222
2200 48215
2200 48103
2300 50230
2300 50537
2300 50610
2400 52687
2400 53368
2400 53042
2500 55677
2500 55274
2500 55864
2600 58065
2600 58514
2600 58415
2700 60790
2700 61247
2700 60922
2800 63451
2800 63479
2800 63673
2900 66215
2900 66325
2900 66144
3000 68502
3000 68898
3000 67855
3100 71586
3100 71226
3100 71502
3200 74163
3200 74627
3200 74514
3300 76760
3300 76970
3300 76665
3400 79228
3400 79204
3400 79173
3500 81770
3500 82065
3500 81834
3600 85175
3600 84697
3600 84412
3700 87974
3700 87890
3700 87841
3800 90234
3800 90174
3800 90399
3900 93187
3900 93237
3900 93176
4000 96065
4000 94915
4000 95350
4100 98634
4100 98084
4100 98438
4200 100753
4200 101421
4200 101102
4300 103957
4300 103687
4300 104734
4400 106279
4400 106482
4400 106117
4500 109643
4500 109503
4500 108942
4600 112281
4600 111792
4600 111878
4700 114804
4700 114055
4700 114733
4800 117528
4800 117788
4800 117861
4900 120724
4900 120502
4900 120479
5000 123188
5000 122778
5000 123862
5100 126412
5100 125936
5100 125929
5200 129039
5200 129041
5200 129319
5300 131755
5300 131898
5300 132442
5400 134212
5400 134596
5400 134730
5500 137667
5500 137887
5500 138161
5600 140012
5600 140529
5600 139658
5700 142648
5700 142847
5700 143184
5800 145404
5800 145670
5800 146275
5900 148233
5900 148997
5900 148925
6000 152379
6000 151416
6000 152077
6100 154294
6100 154492
6100 154254
6200 158036
6200 158048
6200 157853
6300 160406
6300 160168
6300 160068
6400 162816
6400 162487
6400 162618
6500 166003
6500 165831
6500 165935
6600 169200
6600 168971
6600 169028
6700 172490
6700 171686
6700 171254
6800 173747
6800 175405
6800 175009
6900 177599
6900 177929
6900 177768
7000 180482
7000 180233
7000 180703
7100 183537
7100 183772
7100 184020
7200 186486
7200 187141
7200 185620
7300 189681
7300 190205
7300 189835
7400 192509
7400 192453
7400 191432
7500 194779
7500 195035
7500 194734
7600 197885
7600 198308
7600 198191
7700 201340
7700 201051
7700 200664
7800 204215
7800 205008
7800 204559
7900 207300
7900 207281
7900 206791
8000 210043
8000 210277
8000 210846
8100 213175
8100 213624
8100 213378
8200 216964
8200 216015
8200 216242
8300 219579
8300 219213
8300 219776
8400 222291
8400 222307
8400 221999
8500 224235
8500 223833
8500 226029
8600 227800
8600 227983
8600 228432
8700 230782
8700 231648
8700 231409
8800 233219
8800 234579
8800 233584
8900 238000
8900 237317
8900 237283
9000 240184
9000 240216
9000 240246
9100 242999
9100 241919
9100 243303
9200 246404
9200 246055
9200 246961
9300 248632
9300 248686
9300 249315
9400 251981
9400 251813
9400 252701
9500 255043
9500 256095
9500 254896
9600 259119
9600 258286
9600 258203
9700 259537
9700 261153
9700 260438
9800 265041
9800 264227
9800 264303
9900 266189
9900 266804
9900 266882
10000 270353
10000 269452
10000 269760
10 39
10 44
10 36
10 40
10 42
10 43
10 33
10 36
10 42
10 37
10 40
10 49
10 41
10 38
10 40
15 80
15 70
15 76
15 85
15 76
15 79
15 75
15 82
15 77
15 76
15 81
15 85
15 75
15 69
15 83
22 144
22 128
22 137
22 138
22 151
22 142
22 146
22 136
22 136
22 123
22 121
22 131
22 147
22 133
22 146
33 238
33 254
33 257
33 256
33 246
33 253
33 247
33 259
33 239
33 265
33 255
33 267
33 256
33 254
33 262
50 448
50 472
50 449
50 438
50 459
50 462
50 441
50 450
50 457
50 447
50 469
50 430
50 443
50 457
50 459
75 807
75 778
75 762
75 756
75 744
75 767
75 801
75 780
75 812
75 775
75 785
75 817
75 782
75 801
75 785
113 1360
113 1319
113 1286
113 1282
113 1356
113 1351
113 1326
113 1329
113 1281
113 1338
113 1290
113 1310
113 1372
113 1335
113 1347
170 2216
170 2276
170 2298
170 2215
170 2237
170 2231
170 2240
170 2177
170 2253
170 2216
170 2149
170 2311
170 2170
170 2223
170 2231
256 3678
256 3703
256 3677
256 3738
256 3699
256 3700
256 3698
256 3700
256 3782
256 3679
256 3722
256 3691
256 3676
256 3687
256 3708
384 6125
384 6176
384 6130
384 6108
384 6204
384 6111
384 6117
384 5991
384 6078
384 6148
384 6139
384 6100
384 6121
384 6137
384 5994
576 9724
576 9938
576 9941
576 10015
576 9875
576 9947
576 9881
576 9812
576 10065
576 10029
576 9850
576 9950
576 10057
576 9872
576 9953
864 16036
864 16315
864 16180
864 15964
864 16197
864 16044
864 16130
864 16092
864 15865
864 16187
864 16260
864 15907
864 16054
864 15964
864 16231
1297 25965
1297 25918
1297 25881
1297 26046
1297 26075
1297 26227
1297 26078
1297 26027
1297 25868
1297 26184
1297 25950
1297 26130
1297 26269
1297 25872
1297 25884
1946 41914
1946 41796
1946 41773
1946 41771
1946 41741
1946 41387
1946 41722
1946 41980
1946 41745
1946 41624
1946 41893
1946 41637
1946 41430
1946 41789
1946 42049
2919 66489
2919 66588
2919 66648
2919 66559
2919 66983
2919 66455
2919 66326
2919 66711
2919 66961
2919 66304
2919 66403
2919 67179
2919 66148
2919 66709
2919 66769
4378 105511
4378 106206
4378 106193
4378 105879
4378 105968
4378 105825
4378 106135
4378 106265
4378 105528
4378 105652
4378 106611
4378 106480
4378 106226
4378 105958
4378 105725
6568 168756
6568 168320
6568 167391
6568 167460
6568 168101
6568 167713
6568 168601
6568 169051
6568 168321
6568 167979
6568 168324
6568 167484
6568 167568
6568 168770
6568 168420
9852 266074
9852 266580
9852 264904
9852 266363
9852 264839
9852 264615
9852 265709
9852 266211
9852 266357
9852 266790
9852 265663
9852 266069
9852 265442
9852 265545
9852 266130
